SRR13258790.86664	CP135018.1	207	207	1	207	8.79e-96	364	1470492
SRR13258790.394002	CP135018.1	201	201	1	201	3.94e-94	359	1470492
SRR13258790.392465	CP135021.1	291	291	1	291	7.27e-148	538	1470492
SRR13258790.655701	OU899036.1	356	356	1	356	2.43e-178	640	80765
SRR13258790.619840	CP135018.1	253	253	1	253	8.28e-122	451	1470492
SRR13258790.131423	CP135023.1	202	202	1	202	6.59e-97	368	1470492
SRR13258790.132618	CP135021.1	270	270	1	270	5.30e-129	475	1470492
SRR13258790.163524	CP135021.1	206	206	1	206	4.04e-99	375	1470492
SRR13258790.336394	CP135021.1	239	236	1	236	5.98e-113	422	1470492
SRR13258790.756028	OU899035.1	215	239	1	215	6.34e-83	322	80765
SRR13258790.470029	CP135021.1	264	262	1	262	8.56e-127	468	1470492
SRR13258790.9137	CP135018.1	279	276	1	276	4.17e-135	496	1470492
SRR13258790.707973	OU899035.1	192	268	46	228	9.78e-52	219	80765
SRR13258790.615997	CP135021.1	227	227	1	227	2.05e-112	420	1470492
SRR13258790.615699	CP135021.1	247	246	1	246	2.88e-121	449	1470492
SRR13258790.786338	CP135021.1	304	303	1	303	3.52e-151	549	1470492
SRR13258790.328502	CP135021.1	380	378	1	378	0.0	676	1470492
SRR13258790.472785	CP135021.1	231	234	1	231	2.79e-101	383	1470492
SRR13258790.449480	CP135021.1	264	264	1	264	6.63e-133	488	1470492
SRR13258790.560708	CP135021.1	306	304	1	304	9.88e-147	534	1470492
